polyFeatures([2; 5; 7], 4)
#{
ans =

        2        4        8       16
        5       25      125      625
        7       49      343     2401
  #}

