[error_train error_val] = learningCurve([ones(10,1) sec(1:1.5:15)' tan(1:1.5:15)'], cot(1:3:30)', [1 23.5 12.4; 1 64.3 10.1; 1 76.4 9.8; 1 34.2 15.2; 1 59.5 13.5], [13;24;53;34;23], 0.1)

#{
error_train =

     0.00000
     0.00000
     0.00003
     0.03773
     0.12896
     0.29892
     1.59607
   341.18606
   331.68731
   325.76182

error_val =

  5.0523e+002
  5.9170e+002
  7.5200e+002
  5.3129e+002
  3.4625e+002
  7.3199e+002
  1.6288e+003
  7.3256e+004
  4.9892e+004
  1.1217e+005
#}


